tm,ma,mx,my,mz,ta,aa,ax,ay,az
114975.51238975,674.5606177382411,162.3966369628906,-12.57264709472656,-654.60009765625,114975.50407575,1.109250775076217,0.0995635986328125,-0.0168609619140625,-1.104644775390625
114975.48281575,674.1850317745699,161.5235443115234,-12.39802551269531,-654.4324951171875,114975.47448875,1.128225027056435,0.05535888671875,0.0188140869140625,-1.126708984375
114975.45324175,673.494377453846,162.0473937988281,-12.22340393066406,-653.5946044921875,114975.44490175,1.032463355364106,0.1116485595703125,0.037841796875,-1.025711059570312
114975.42366975,673.5077528867192,160.1265716552734,-11.35031127929688,-654.0973510742188,114975.41529875,1.04395236745811,0.0544586181640625,0.0462646484375,-1.04150390625
114975.39410275,674.2154618913103,158.2057495117188,-12.57264709472656,-655.2704467773438,114975.38572075,1.015755553405532,-0.1329345703125,0.0006256103515625,-1.00701904296875
114975.36453275,673.9397871819053,157.6819000244141,-13.09651184082031,-655.1028442382812,114975.35613475,0.9391683968097889,-0.08935546875,0.0019073486328125,-0.934906005859375
114975.33495775,673.143541252706,157.8565216064453,-11.87417602539062,-654.264892578125,114975.32654875,0.9355599324324587,-0.063812255859375,0.0350189208984375,-0.9327239990234375
114975.30538375,672.5990994882487,157.6819000244141,-11.00106811523438,-653.7621459960938,114975.29696375,0.9468528578253717,-0.02899169921875,0.0090789794921875,-0.9463653564453125
114975.27581375,672.6422972962703,157.1580352783203,-11.17568969726562,-653.9297485351562,114975.26737875,0.9298331995251955,-0.0325469970703125,0.035400390625,-0.9285888671875
114975.24625375,673.4191584451216,156.9834136962891,-11.35031127929688,-654.7677001953125,114975.23778375,1.007335750376995,-0.108367919921875,0.0305938720703125,-1.001022338867188
114975.21667075,673.5712146431038,156.2849426269531,-10.65182495117188,-655.1028442382812,114975.20821175,1.068232257318021,-0.1846771240234375,0.0223388671875,-1.051910400390625
114975.18709375,673.0028194114032,155.2372131347656,-10.65182495117188,-654.7677001953125,114975.17862675,1.127830894177156,-0.157470703125,0.0270843505859375,-1.116455078125
114975.15752275,672.0640688958177,154.7133636474609,-10.47720336914062,-653.9297485351562,114975.14904075,1.115968555777863,-0.143218994140625,0.00335693359375,-1.106735229492188
114975.12793975,672.1915470722762,155.4118347167969,-8.03253173828125,-653.9297485351562,114975.11945375,1.061431518113281,-0.063232421875,0.042327880859375,-1.058700561523438
114975.09827375,673.0535628933878,155.5864562988281,-8.556396484375,-654.7677001953125,114975.08986675,1.089417157356493,-0.0019378662109375,-0.0128021240234375,-1.089340209960938
114975.06869875,671.9463832554147,155.7610778808594,-8.03253173828125,-653.5946044921875,114975.06027075,1.159638094567438,0.018157958984375,-0.0078125,-1.159469604492188
114975.03912275,671.5753942805634,154.8879699707031,-7.5086669921875,-653.427001953125,114975.03069975,1.391352928520507,-0.1311492919921875,0.5762939453125,-1.25958251953125
114975.00954375,674.0809935681557,155.0625915527344,-9.080245971679688,-655.9407958984375,114975.00111375,1.158480336548295,-0.077606201171875,0.3051605224609375,-1.1148681640625
114974.97997275,673.1123841322553,155.0625915527344,-9.778732299804688,-654.935302734375,114974.97153275,0.9167622984173345,0.168701171875,0.0771636962890625,-0.897796630859375
114974.95039775,672.2593643711047,152.0940551757812,-8.905624389648438,-654.7677001953125,114974.94195275,0.9746297045108715,0.2239837646484375,0.007080078125,-0.948516845703125
114974.92082675,673.987368524184,151.0463409423828,-9.254867553710938,-656.7787475585938,114974.91236875,0.6869944591970523,0.0978851318359375,-0.0911865234375,-0.6738433837890625
114974.89125675,674.8162001380837,150.3478546142578,-9.604110717773438,-657.7843017578125,114974.88277575,0.8185991880994772,-0.0316162109375,-0.0108184814453125,-0.8179168701171875
114974.86168475,674.5455733875855,148.9508972167969,-12.04878234863281,-657.7843017578125,114974.85320175,0.6807010079965188,-0.133392333984375,-0.0505218505859375,-0.66558837890625
114974.83210675,676.2798983536776,148.4270324707031,-14.6680908203125,-659.6277465820312,114974.82361575,0.7148422069545936,-0.19805908203125,-0.019866943359375,-0.6865692138671875
114974.80255575,674.7585281963613,145.9823608398438,-14.31884765625,-658.6221923828125,114974.79403375,0.7313901964196574,-0.2497711181640625,0.0142974853515625,-0.6872711181640625
114974.77298175,675.9982200904215,147.0300750732422,-15.71580505371094,-659.6277465820312,114974.76444775,0.7248506765994182,-0.2294464111328125,0.0066070556640625,-0.6875457763671875
114974.74341375,675.0671753754585,146.8554534912109,-12.04878234863281,-658.789794921875,114974.73486275,0.9812919944128145,-0.26177978515625,0.2311248779296875,-0.91705322265625
114974.71385275,673.7708592803261,144.0615386962891,-9.604110717773438,-658.1194458007812,114974.70525575,1.039411966902424,-0.299530029296875,0.33154296875,-0.9384765625
114974.68428275,671.3799959452634,140.5691375732422,-8.556396484375,-656.443603515625,114974.67568275,1.306321087302755,-0.56854248046875,0.6618194580078125,-0.97222900390625
114974.65471475,668.5110069397247,135.5051574707031,-6.635574340820312,-654.60009765625,114974.64609375,0.9430673852741445,-0.4472808837890625,0.5659332275390625,-0.60748291015625
114974.62514175,664.9977371922442,135.3305358886719,-1.22235107421875,-651.0807495117188,114974.61650675,1.090033053079283,-0.4416046142578125,0.801910400390625,-0.5916900634765625
114974.59557175,661.3579970000848,132.7112274169922,3.492385864257812,-647.8965454101562,114974.58692075,1.161046852001089,-0.3802642822265625,0.892578125,-0.63775634765625
114974.56599775,656.4691315198319,132.7112274169922,7.683273315429688,-642.868896484375,114974.55733275,1.246634410702038,-0.2445831298828125,0.9778900146484375,-0.733489990234375
114974.53641475,654.8119428580515,133.2350921630859,10.65180969238281,-641.0254516601562,114974.52775375,1.352527674306857,-0.1145782470703125,1.067276000976562,-0.8228759765625
114974.50685875,651.3051339272507,134.4574279785156,11.52491760253906,-637.1708984375,114974.49815675,1.34856439913449,-0.101318359375,1.028854370117188,-0.8659210205078125
114974.47726075,646.2788373143969,136.9021148681641,13.2711181640625,-631.472900390625,114974.46856975,1.452610889173118,0.0162353515625,0.936737060546875,-1.110107421875
114974.44768975,644.3270886538322,141.0929870605469,17.11276245117188,-628.456298828125,114974.43898275,1.744783936698121,0.1551513671875,1.101165771484375,-1.344482421875
114974.41813675,642.6160910505236,145.8077392578125,17.63661193847656,-625.6072998046875,114974.40940175,1.57974868967723,0.1245880126953125,0.763153076171875,-1.3775634765625
114974.38857475,642.7266561770493,151.7448120117188,19.0335693359375,-624.2666015625,114974.37981775,1.575670914071426,0.107330322265625,0.47705078125,-1.497879028320312
114974.35900475,640.9440824768477,156.6341705322266,17.98585510253906,-621.25,114974.35024175,1.448238045634432,0.012939453125,0.3400115966796875,-1.407699584960938
114974.32943275,641.1836965752168,159.078857421875,16.58889770507812,-620.9148559570312,114974.32064575,1.189886474887233,-0.2326507568359375,0.1550750732421875,-1.156570434570312
114974.29989275,642.108660620191,163.9682159423828,17.28736877441406,-620.5796508789062,114974.29106075,0.9729096425381162,-0.192596435546875,0.1416015625,-0.943084716796875
114974.27031875,641.4283007464498,164.4920806884766,17.11276245117188,-619.74169921875,114974.26147575,0.6340702438624832,-0.0940704345703125,0.114471435546875,-0.61651611328125
114974.24075075,639.9533638836398,165.1905517578125,15.71578979492188,-618.0658569335938,114974.23189375,0.8805289444342883,0.403076171875,0.5933380126953125,-0.5106964111328125
114974.21117575,638.9052802747428,162.3966369628906,15.36656188964844,-617.7306518554688,114974.20230875,0.960425193565645,-0.5104522705078125,0.5633392333984375,-0.586944580078125
114974.18161175,635.9473824536158,159.6027221679688,16.06503295898438,-615.3843994140625,114974.17273375,1.072066955062507,-0.12396240234375,1.030380249023438,-0.2688446044921875
114974.15206275,634.4667716635641,159.4281005859375,16.93814086914062,-613.8760986328125,114974.14314075,0.7904423975234875,0.2852020263671875,0.680450439453125,-0.28363037109375
114974.12248975,628.6988144031998,155.0625915527344,17.81123352050781,-609.0160522460938,114974.11355575,1.223998644326458,0.461639404296875,1.085891723632812,-0.3254241943359375
114974.09230875,627.1620277447915,155.4118347167969,17.81123352050781,-607.3402099609375,114974.08396475,1.146255326298657,0.2298736572265625,1.040618896484375,-0.4221038818359375
114974.06273775,625.7307064735144,152.2686767578125,17.46199035644531,-606.6697998046875,114974.05437975,1.04320741819843,0.417755126953125,0.9506378173828125,-0.100250244140625
114974.03316775,624.5978632844153,151.0463409423828,16.58889770507812,-605.8319091796875,114974.02479575,1.221382097816708,0.3121490478515625,1.169448852539062,-0.163482666015625
114974.00360175,621.7080660984826,149.9986114501953,15.19194030761719,-603.1505126953125,114973.99520275,1.368248057458874,0.405914306640625,1.306640625,0.005157470703125
114973.97403975,620.5814590833863,147.9031677246094,16.23965454101562,-602.4801025390625,114973.96563375,1.237570539875914,0.135589599609375,1.22784423828125,-0.074798583984375
114973.94446975,620.681647815924,144.9346313476562,15.71578979492188,-603.3180541992188,114973.93605175,0.9340703868040453,-0.002166748046875,0.9340667724609375,0.001434326171875
114973.91490875,619.6154568530665,143.1884307861328,15.36656188964844,-602.647705078125,114973.90646975,1.190552537140072,0.065185546875,1.173263549804688,-0.1913604736328125
114973.88533575,620.6195770545183,138.99755859375,15.36656188964844,-604.6587524414062,114973.87688575,0.9182267583546843,0.009185791015625,0.90985107421875,0.1233978271484375
114973.85577175,619.6817232612716,136.2036285400391,15.71578979492188,-604.3236083984375,114973.847314375,1.331708598161008,-0.3599700927734375,1.24200439453125,-0.318267822265625
114973.826220375,620.5770431208813,135.8543853759766,15.36656188964844,-605.3291015625,114973.817710375,0.9471595020183219,-0.0298919677734375,0.9328765869140625,-0.1611175537109375
114973.796632375,621.5127734581688,138.6483154296875,15.01731872558594,-605.664306640625,114973.788144375,0.8732713940287433,0.03912353515625,0.8684844970703125,-0.0825042724609375
114973.767063375,622.0684146422291,140.2198944091797,16.58889770507812,-605.8319091796875,114973.758562375,0.9142851661482688,0.04132080078125,0.9127197265625,-0.0339508056640625
114973.737495375,622.3054161414371,141.2676086425781,16.58889770507812,-605.8319091796875,114973.728980375,0.6911901664024805,0.1060028076171875,0.6810760498046875,0.0514068603515625
114973.707923375,620.7185743533876,140.2198944091797,14.84269714355469,-604.4912109375,114973.699392375,1.309626629366626,-0.12127685546875,1.264938354492188,-0.3167724609375
114973.678361375,619.586081731981,137.2513580322266,15.71578979492188,-603.9884033203125,114973.669810375,1.279596474014674,-0.343902587890625,1.210983276367188,0.2293853759765625
114973.648813375,617.3121576929506,134.4574279785156,14.66807556152344,-602.3125,114973.640238375,1.313505195638836,0.641021728515625,1.072555541992188,-0.4049835205078125
114973.619229375,615.5812839375948,130.4411773681641,12.39801025390625,-601.474609375,114973.610644375,1.222078744269516,-0.7391815185546875,0.932098388671875,0.27978515625
114973.589678375,616.5296293569465,127.2980041503906,10.65180969238281,-603.1505126953125,114973.581059375,1.217722772402391,-0.746063232421875,0.94140625,0.199981689453125
114973.560118375,614.3857777309063,127.9964904785156,11.00105285644531,-600.8042602539062,114973.551472375,1.230768699266009,-0.757110595703125,0.90643310546875,-0.346343994140625
114973.530544375,614.0091232675433,127.1233978271484,9.080230712890625,-600.6366577148438,114973.521886375,1.194629993736809,-0.43408203125,1.099960327148438,-0.169708251953125
114973.500969375,613.3870552224862,124.8533325195312,9.604095458984375,-600.4690551757812,114973.492302375,1.278510928057951,-0.3953399658203125,1.213775634765625,0.0710296630859375
114973.471391375,613.4170256499264,123.4563751220703,8.556381225585938,-600.8042602539062,114973.462728375,1.104244186416548,-0.6080474853515625,0.9155426025390625,0.106842041015625
114973.441834375,611.9586141066933,122.7578887939453,8.207138061523438,-599.4635009765625,114973.433137375,1.243854444596374,-0.949859619140625,0.7799835205078125,0.19122314453125
114973.412263375,613.370763652246,121.7101745605469,6.4609375,-601.139404296875,114973.403552375,0.992524962360171,-0.577606201171875,0.7902374267578125,-0.1643218994140625
114973.382704375,613.1776124379323,121.5355529785156,6.984786987304688,-600.9718017578125,114973.373965375,0.8025664807426659,-0.279296875,0.7232513427734375,-0.2073974609375
114973.353128375,613.9523532050719,119.6147308349609,7.159408569335938,-602.1449584960938,114973.344382375,1.21369576500096,-0.6435089111328125,0.96014404296875,-0.3702392578125
114973.323564375,613.0944816401498,119.4401092529297,6.984786987304688,-601.3070068359375,114973.314802375,1.284537685646803,-0.6351470947265625,1.017013549804688,-0.4607696533203125
114973.294006375,611.7879892861597,119.4401092529297,7.683273315429688,-599.96630859375,114973.285231375,1.280775201281497,-0.4542999267578125,1.139175415039062,-0.3691558837890625
114973.264424375,614.5346104305307,120.1385955810547,5.93707275390625,-602.647705078125,114973.255641375,1.182807269696605,-0.3048248291015625,1.103424072265625,-0.297607421875
114973.234854375,615.3856031751833,118.5670166015625,6.4609375,-603.82080078125,114973.226059375,0.9834747940638031,-0.5794830322265625,0.7111053466796875,-0.3546142578125
114973.205291375,618.0295158451499,116.8208160400391,7.857894897460938,-606.83740234375,114973.196480375,0.9921006521142576,-0.5983428955078125,0.5869903564453125,-0.5307464599609375
114973.175738375,621.6080635525666,115.5984649658203,9.429473876953125,-610.6919555664062,114973.166899375,0.8022885333112101,-0.5341644287109375,0.50299072265625,-0.324554443359375
114973.146209375,622.3176669951251,116.8208160400391,8.556381225585938,-611.1947021484375,114973.137319375,0.6252104071633432,-0.3424835205078125,0.505950927734375,-0.1326904296875
114973.116649375,622.2479288815974,114.7253723144531,7.857894897460938,-611.5299072265625,114973.107743375,0.7637034655705401,-0.2466888427734375,0.6679840087890625,-0.2760162353515625
114973.086301375,623.2493686621956,115.5984649658203,9.080230712890625,-612.3677978515625,114973.078147375,0.6522091789911083,-0.1107177734375,0.5490264892578125,-0.334197998046875
114973.056733375,623.1058094448948,114.8999938964844,8.032516479492188,-612.3677978515625,114973.048566375,1.10289602724389,0.2287445068359375,0.7428131103515625,-0.7824859619140625
114973.027156375,622.3967893961809,116.2969512939453,9.429473876953125,-611.3623046875,114973.018974375,0.7439707927691835,-0.247802734375,0.687896728515625,-0.137420654296875
114972.997609375,620.9478186751215,117.3446655273438,9.429473876953125,-609.6864013671875,114972.989394375,0.9661745141753584,-0.2496337890625,0.9052581787109375,-0.2273406982421875
114972.968035375,617.6417209712437,118.2177734375,8.207138061523438,-606.1670532226562,114972.959808375,1.11897923383918,-0.3771514892578125,1.053207397460938,-0.0250091552734375
114972.938464375,617.2465849838935,118.7416229248047,8.032516479492188,-605.664306640625,114972.930209375,1.130541622366021,-0.4554901123046875,1.021560668945312,-0.164520263671875
114972.908889375,615.5304892795489,118.3923950195312,7.683273315429688,-603.9884033203125,114972.900634375,1.404718386936522,-0.83203125,1.13134765625,-0.0317840576171875
114972.879315375,611.6876630622572,118.2177734375,5.063980102539062,-600.1339111328125,114972.871045375,1.202891541079955,-0.6149749755859375,1.008132934570312,0.2289581298828125
114972.849754375,610.2834118171282,121.8847961425781,6.28631591796875,-597.9552001953125,114972.841455375,0.8461816889518055,-0.358428955078125,0.74237060546875,0.190887451171875
114972.820185375,606.5099614533303,125.2025756835938,4.365493774414062,-593.4303588867188,114972.811866375,1.024572495758659,-0.355804443359375,0.948394775390625,0.1539459228515625
114972.790615375,603.702372850814,129.0442047119141,2.619293212890625,-589.743408203125,114972.782273375,1.212500547102923,-0.37030029296875,1.134063720703125,0.216644287109375
114972.761044375,601.4342675743557,127.6472473144531,0.1746063232421875,-587.7323608398438,114972.752667375,1.291944671136974,-0.6237945556640625,1.114791870117188,-0.1929779052734375
114972.731475375,602.4619854646236,129.3934478759766,0.1746063232421875,-588.4027099609375,114972.723086375,1.40053239150367,-0.591827392578125,1.261322021484375,-0.1424713134765625
114972.701916375,601.3819926923987,128.1711120605469,-0.3492431640625,-587.5647583007812,114972.693498375,1.067161894715557,-0.2359466552734375,1.035964965820312,0.099700927734375
114972.672346375,602.0838191272552,129.9173126220703,0.3492279052734375,-587.89990234375,114972.663909375,1.095962883338113,0.059783935546875,1.076904296875,0.19451904296875
114972.642784375,602.1112255642267,130.7904052734375,1.571578979492188,-587.7323608398438,114972.634318375,1.094967743328436,-0.0547943115234375,1.08209228515625,0.158203125
114972.613244375,602.4621879096592,129.3934478759766,0.5238494873046875,-588.4027099609375,114972.604731375,1.26108202954238,-0.149444580078125,1.252151489257812,-0.010528564453125
114972.583685375,603.6294366434764,128.6949768066406,2.968536376953125,-589.743408203125,114972.575125375,0.8542102567965455,-0.20501708984375,0.8153076171875,-0.1513824462890625
114972.554128375,603.8313120613091,128.8695983886719,3.143157958984375,-589.9110107421875,114972.545553375,0.916802972425681,-0.391021728515625,0.8292236328125,-0.0042266845703125
114972.524614375,604.7724446180158,131.6635131835938,4.889358520507812,-590.2461547851562,114972.515967375,1.063197589308072,-0.375213623046875,0.9912109375,0.08428955078125
114972.495058375,604.6889438901759,131.3142700195312,3.841629028320312,-590.2461547851562,114972.486379375,1.079710822161462,-0.3386383056640625,1.02337646484375,-0.0616455078125
114972.465484375,604.0394695569493,131.3142700195312,4.540115356445312,-589.5758056640625,114972.456790375,1.007738844911661,-0.136260986328125,0.9981689453125,0.02508544921875
114972.435913375,603.1559897068404,132.5366058349609,3.667007446289062,-588.4027099609375,114972.427204375,1.16771690528413,-0.1054229736328125,1.155838012695312,0.1284027099609375
114972.406342375,603.2199598228716,134.2828063964844,4.365493774414062,-588.0675048828125,114972.397625375,1.057659392910474,-0.1512603759765625,0.993682861328125,-0.3291778564453125
114972.376789375,605.452712311903,133.9335784912109,6.8101806640625,-590.4137573242188,114972.368029375,1.065123043635288,-0.10748291015625,1.042205810546875,-0.191680908203125
114972.347223375,606.7739730960568,130.2665557861328,6.28631591796875,-592.5924072265625,114972.338446375,0.9728389460929394,-0.1470794677734375,0.9604644775390625,0.0478668212890625
114972.317657375,607.7656377984478,132.5366058349609,7.159408569335938,-593.0951538085938,114972.308863375,0.9063378830444354,-0.0066680908203125,0.8763275146484375,0.231201171875
114972.288092375,607.5949053582591,130.9650268554688,7.683273315429688,-593.2627563476562,114972.279281375,1.364905476092107,-0.08154296875,1.260986328125,0.5159759521484375
114972.258524375,608.9126358963583,133.2350921630859,8.207138061523438,-594.1007080078125,114972.249697375,1.454340505374562,-0.0654296875,1.340103149414062,0.5612030029296875
114972.228951375,607.3766731202014,138.1244506835938,7.159408569335938,-591.4193115234375,114972.220124375,0.9161788089988634,-0.2845001220703125,0.8570098876953125,0.15484619140625
114972.199394375,608.5069438905041,138.8229370117188,6.4609375,-592.4248046875,114972.190533375,1.034741361376952,-0.7657470703125,0.693328857421875,-0.0601348876953125
114972.169826375,607.0129344990228,138.6483154296875,7.683273315429688,-590.91650390625,114972.160948375,1.374937686165167,-1.014633178710938,0.90966796875,0.1829681396484375
114972.140257375,607.9544011684261,137.7752075195312,7.508651733398438,-592.0896606445312,114972.131364375,1.276968420094767,-0.810302734375,0.9824371337890625,-0.094207763671875
114972.110693375,609.6274464522367,137.7752075195312,10.30258178710938,-593.7655029296875,114972.101779375,1.465059590888748,-0.5363922119140625,1.220199584960938,-0.6081085205078125
114972.080583375,610.8606646330088,137.4259796142578,10.65180969238281,-595.106201171875,114972.072190375,1.391178163231829,-0.243896484375,1.233322143554688,-0.5956573486328125
114972.051044375,612.6979372753689,138.1244506835938,13.09649658203125,-596.7821044921875,114972.042591375,1.111621711166607,0.1348724365234375,1.055206298828125,-0.32257080078125
114972.021471375,614.9051261062317,137.7752075195312,13.09649658203125,-599.1283569335938,114972.013020375,0.9255744660641237,0.1238555908203125,0.8748321533203125,-0.2757110595703125
114971.991906375,618.3170230110908,136.2036285400391,13.2711181640625,-602.98291015625,114971.983434375,0.8317512812958402,-0.2032928466796875,0.787322998046875,-0.1749420166015625
114971.962332375,622.3478577822985,137.0767364501953,16.58889770507812,-606.83740234375,114971.953852375,0.9354577188775662,-0.509002685546875,0.7798614501953125,-0.0883941650390625
114971.932762375,624.910969520579,138.99755859375,17.11276245117188,-609.0160522460938,114971.924267375,0.9934645956921948,-0.6216583251953125,0.77484130859375,-0.011566162109375
114971.903189375,629.41985221365,140.0452728271484,18.16047668457031,-613.3733520507812,114971.894688375,0.8668354553281309,-0.5309906005859375,0.67156982421875,-0.1358184814453125
114971.873636375,632.7590430566665,141.7914733886719,18.50971984863281,-616.3899536132812,114971.865088375,0.7508428769925697,-0.3770751953125,0.585296630859375,-0.2810821533203125
114971.844051375,635.330374195158,142.3153381347656,18.68434143066406,-618.90380859375,114971.835521375,0.6662729348670049,-0.264404296875,0.5227508544921875,-0.3173980712890625
114971.814483375,636.8947982673559,146.5062103271484,17.28736877441406,-619.5740966796875,114971.805934375,0.6891571585209059,-0.3709869384765625,0.56744384765625,-0.123748779296875
114971.784911375,639.0615515355713,147.2046966552734,19.0335693359375,-621.585205078125,114971.776350375,0.9082435657870083,-0.4148712158203125,0.789642333984375,-0.1710357666015625
114971.755332375,638.9572502171217,149.6493682861328,18.33509826660156,-620.9148559570312,114971.746764375,1.007953337898547,-0.29376220703125,0.9479522705078125,-0.176239013671875
114971.725785375,638.1494535587792,151.7448120117188,18.33509826660156,-619.5740966796875,114971.717177375,1.024559802478817,-0.227630615234375,0.99700927734375,0.062286376953125
114971.696219375,638.1395147087289,151.7448120117188,17.98585510253906,-619.5740966796875,114971.687601375,1.092069109532501,-0.55682373046875,0.851226806640625,0.3974609375
114971.666649375,639.0648382831102,156.1103210449219,19.20819091796875,-619.4065551757812,114971.658009375,1.302265964048225,-1.026443481445312,0.7323455810546875,0.3255462646484375
114971.637087375,639.6058644529516,157.1580352783203,17.81123352050781,-619.74169921875,114971.628429375,1.372825921795813,-1.160018920898438,0.7166900634765625,0.1592559814453125
114971.607513375,640.1143377808372,159.2534790039062,17.46199035644531,-619.74169921875,114971.598843375,1.454040821336256,-1.016326904296875,1.019439697265625,0.205078125
114971.577942375,640.4633147758752,160.6504364013672,17.46199035644531,-619.74169921875,114971.569259375,1.660358405847944,-1.019073486328125,1.286422729492188,0.2517852783203125
114971.548371375,639.8178789414075,158.2057495117188,16.06503295898438,-619.74169921875,114971.539672375,1.413577340671077,-0.74713134765625,1.198028564453125,0.0687255859375
114971.518800375,640.5624868989735,158.5549926757812,16.41427612304688,-620.412109375,114971.510094375,1.156337595675111,-0.4427032470703125,1.060653686523438,0.1270599365234375
114971.489227375,640.0358533356066,156.9834136962891,17.28736877441406,-620.2445068359375,114971.480500375,0.9935167665333274,-0.146331787109375,0.95574951171875,0.228485107421875
114971.459662375,640.6570235801775,154.1894989013672,17.28736877441406,-621.585205078125,114971.450915375,1.074284039702377,-0.00811767578125,1.043136596679688,0.256683349609375
114971.430092375,642.7046014524655,155.9356994628906,17.28736877441406,-623.2611083984375,114971.421331375,1.077722897516879,-0.0499725341796875,1.060943603515625,0.1827239990234375
114971.400512375,644.3705936314492,155.4118347167969,17.46199035644531,-625.1045532226562,114971.391748375,1.017252629292806,-0.119964599609375,1.00787353515625,0.067840576171875
114971.370942375,645.0115606809549,155.4118347167969,17.11276245117188,-625.77490234375,114971.362164375,1.020173148899539,-0.227203369140625,0.994384765625,-0.0181884765625
114971.341370375,645.8880156997211,156.4595489501953,16.06503295898438,-626.4452514648438,114971.332587375,1.075915384037779,-0.39276123046875,1.000961303710938,-0.03753662109375
114971.311798375,647.9635167520044,156.2849426269531,16.23965454101562,-628.6239013671875,114971.302999375,1.062695690652569,-0.4411163330078125,0.9618072509765625,0.0983123779296875
114971.282223375,650.7655675968394,154.5387420654297,14.84269714355469,-631.9757080078125,114971.273416375,0.9542464250758579,-0.326934814453125,0.8770751953125,0.185577392578125
114971.252655375,653.7034293540223,154.5387420654297,15.19194030761719,-634.9922485351562,114971.243830375,0.9194564753180543,-0.281097412109375,0.8469696044921875,0.2214202880859375
114971.223086375,653.2401573393572,151.91943359375,14.66807556152344,-635.1598510742188,114971.214247375,0.9684931426322863,-0.32794189453125,0.895721435546875,0.1676788330078125
114971.193518375,655.158944816151,151.91943359375,12.921875,-637.1708984375,114971.184662375,1.00497624449027,-0.3043060302734375,0.9550933837890625,0.0719146728515625
114971.163940375,654.8401361507904,149.6493682861328,14.84269714355469,-637.3385009765625,114971.155085375,1.007343900514152,-0.272064208984375,0.9676971435546875,0.065460205078125
114971.134396375,654.7170759087443,147.0300750732422,13.96958923339844,-637.8412475585938,114971.125492375,0.9914812594387651,-0.282440185546875,0.9503631591796875,0.008514404296875
114971.104824375,656.9335500539685,146.1569671630859,12.04876708984375,-640.3551025390625,114971.095903375,1.196695267844536,-0.5004119873046875,1.069610595703125,-0.19390869140625
114971.074589375,658.8883628628188,144.760009765625,10.65180969238281,-642.7012939453125,114971.066312375,1.336868885334438,-0.3620147705078125,1.221435546875,0.4052886962890625
114971.045024375,659.9756559706578,142.3153381347656,9.604095458984375,-644.377197265625,114971.036725375,1.063720234495861,-0.1519622802734375,0.9737396240234375,0.400299072265625
114971.015451375,660.6004525535782,143.7122955322266,9.254852294921875,-644.71240234375,114971.007138375,0.8833467874570993,-0.0751953125,0.8700714111328125,0.13275146484375
114970.985881375,660.5488463182943,145.6331176757812,10.47718811035156,-644.2095947265625,114970.977540375,0.7918079719956166,-0.2719573974609375,0.7013092041015625,0.247314453125
114970.956315375,661.9284260454737,144.5853881835938,8.730987548828125,-645.885498046875,114970.947966375,0.8640100292302567,-0.463470458984375,0.65606689453125,0.3182525634765625
114970.926749375,663.5378957067475,142.3153381347656,6.4609375,-648.0641479492188,114970.918379375,1.246143095969934,-0.8666229248046875,0.8586883544921875,0.2539520263671875
114970.897182375,663.3420717139819,142.1407165527344,6.984786987304688,-647.8965454101562,114970.888795375,1.341184965024956,-0.896697998046875,0.9970855712890625,0.0230255126953125
114970.867615375,663.7463085979148,143.3630523681641,4.365493774414062,-648.0641479492188,114970.859209375,1.356097383931336,-0.576629638671875,1.132003784179688,-0.4744110107421875
114970.838076375,664.6033488991292,143.5376739501953,4.540115356445312,-648.902099609375,114970.829619375,1.825473215906449,-0.4037933349609375,1.508987426757812,-0.9445953369140625
114970.808523375,664.5079214049694,142.3153381347656,5.063980102539062,-649.0697021484375,114970.800024375,1.52829429281346,-0.439727783203125,1.313201904296875,-0.646392822265625
114970.778948375,664.9939523691979,143.0138092041016,6.1116943359375,-649.4048461914062,114970.770457375,1.136191850021509,-0.3297119140625,1.003494262695312,-0.4185943603515625
114970.749382375,668.1424497199534,144.0615386962891,2.619293212890625,-652.4214477539062,114970.740875375,0.8479225752762397,-0.3068695068359375,0.680267333984375,-0.4025421142578125
114970.719816375,670.3038932255844,144.2361602783203,1.396957397460938,-654.60009765625,114970.711291375,0.6704245558482136,-0.318939208984375,0.5073699951171875,-0.300537109375
114970.690249375,671.9135514119314,145.6331176757812,-0.698486328125,-655.9407958984375,114970.681710375,0.5753497394469044,-0.210723876953125,0.4704742431640625,-0.2554931640625
114970.660670375,671.0871155220751,144.0615386962891,-2.270065307617188,-655.4380493164062,114970.652130375,0.5880340206436042,-0.16302490234375,0.49566650390625,-0.271148681640625
114970.631112375,672.4953463343845,145.2838745117188,-2.095443725585938,-656.6111450195312,114970.622559375,0.5424717160779792,-0.2536773681640625,0.453765869140625,-0.1549835205078125
114970.601556375,671.6121541029909,144.2361602783203,-0.698486328125,-655.9407958984375,114970.592967375,0.7109090413237539,-0.40411376953125,0.583740234375,-0.0364837646484375
114970.571986375,670.6545064320135,145.1092529296875,-0.17462158203125,-654.7677001953125,114970.563387375,0.953623455308784,-0.477081298828125,0.8247528076171875,-0.0396728515625
114970.542424375,667.7938876000711,145.45849609375,3.317779541015625,-651.7510986328125,114970.533804375,1.063350363276583,-0.3800201416015625,0.980194091796875,-0.1597442626953125
114970.512834375,667.2391984545368,144.4107818603516,3.317779541015625,-651.4158935546875,114970.504234375,1.02580880640968,-0.204437255859375,0.9854278564453125,-0.19854736328125
114970.483291375,666.4772473273683,144.5853881835938,5.93707275390625,-650.5780029296875,114970.474637375,1.079658010764275,-0.1512908935546875,1.069000244140625,0.0033111572265625
114970.453722375,664.8508767279877,142.3153381347656,6.8101806640625,-649.4048461914062,114970.445065375,1.192046646270811,-0.2892608642578125,1.151611328125,0.1053314208984375
114970.424161375,661.3730850949211,141.2676086425781,8.556381225585938,-646.0531005859375,114970.415477375,1.300110373495342,-0.4788665771484375,1.197158813476562,0.16668701171875
114970.394593375,658.6131902425735,141.9660949707031,11.00105285644531,-643.0364990234375,114970.385890375,1.227266548929851,-0.618896484375,1.055526733398438,0.094940185546875
114970.365041375,656.0106341767251,143.3630523681641,13.09649658203125,-640.0198974609375,114970.356307375,1.073738818246766,-0.5724639892578125,0.9073028564453125,0.04473876953125
114970.335472375,652.3213766979786,141.2676086425781,14.84269714355469,-636.6681518554688,114970.326724375,0.9764887272864595,-0.4176177978515625,0.879302978515625,0.0771484375
114970.305910375,649.407564827998,140.3945159912109,17.11276245117188,-633.8191528320312,114970.297141375,1.00223465767266,-0.3112030029296875,0.9525909423828125,-0.0140533447265625
114970.276336375,647.1668370311314,140.7437591552734,16.06503295898438,-631.472900390625,114970.267565375,1.176126397166467,-0.3907318115234375,1.102493286132812,-0.1229248046875
114970.246795375,648.2642804207904,141.9660949707031,16.58889770507812,-632.3108520507812,114970.237974375,1.219836824295637,-0.5323333740234375,1.097457885742188,-0.01446533203125
114970.217204375,646.8951480666842,142.4899597167969,16.06503295898438,-630.8025512695312,114970.208389375,1.241095326773503,-0.2760009765625,1.18585205078125,0.2406158447265625
114970.187644375,646.8666344960466,140.7437591552734,17.11276245117188,-631.1376953125,114970.178804375,1.257951058081195,-0.04736328125,1.2423095703125,0.1920013427734375
114970.158066375,649.166722719384,140.2198944091797,15.54116821289062,-633.6515502929688,114970.149217375,1.118233198106675,-0.02227783203125,1.0975341796875,0.2129974365234375
114970.128491375,647.1582617241195,140.7437591552734,15.71578979492188,-631.472900390625,114970.119634375,1.105093793519436,0.0006256103515625,1.092681884765625,0.1651611328125
114970.098939375,647.4939174703821,140.7437591552734,16.06503295898438,-631.80810546875,114970.090062375,1.083615068725827,0.011138916015625,1.08355712890625,-0.001220703125
114970.068419375,647.234301450637,141.0929870605469,15.71578979492188,-631.472900390625,114970.060465375,1.073277621361146,-0.1019439697265625,1.06585693359375,-0.07403564453125
114970.038843375,649.47834842898,141.6168518066406,15.89041137695312,-633.6515502929688,114970.030883375,1.052795435589039,-0.219329833984375,1.028884887695312,-0.0408477783203125
114970.009271375,650.4427477098516,141.6168518066406,15.19194030761719,-634.6571044921875,114970.001305375,1.037391480213292,-0.3251953125,0.9845428466796875,-0.033233642578125
114969.979744375,652.0011929377059,142.1407165527344,13.96958923339844,-636.1654052734375,114969.971726375,0.9788579658407459,-0.3827362060546875,0.893310546875,0.1169281005859375
114969.950221375,653.9285734946399,142.1407165527344,12.223388671875,-638.1764526367188,114969.942146375,0.9528130883011812,-0.391387939453125,0.8435211181640625,0.20770263671875
114969.920667375,654.806068456019,140.0452728271484,13.2711181640625,-639.5171508789062,114969.912554375,0.9657586143581542,-0.382843017578125,0.84197998046875,0.27783203125
114969.891095375,653.5612259678672,138.99755859375,11.17567443847656,-638.5115966796875,114969.882989375,1.01787782473051,-0.418487548828125,0.908935546875,0.186492919921875
114969.861521375,652.0083371229017,136.2036285400391,12.223388671875,-637.506103515625,114969.853410375,1.043188996267891,-0.351806640625,0.9817962646484375,-0.0234832763671875
114969.831953375,652.145280577237,133.7589569091797,11.52491760253906,-638.1764526367188,114969.823831375,1.150569892291268,-0.2970123291015625,1.088882446289062,-0.22344970703125
114969.802389375,654.7483739004003,134.6320495605469,9.254852294921875,-640.6902465820312,114969.794251375,1.624776857628757,-0.5108642578125,1.535598754882812,0.1444091796875
114969.772824375,657.9253423495032,136.5528717041016,8.730987548828125,-643.539306640625,114969.764672375,1.495014704020528,-0.4402923583984375,1.380218505859375,0.3690643310546875
114969.743254375,660.2580151043688,141.4422302246094,8.032516479492188,-644.8800048828125,114969.735082375,0.6950878178104072,-0.311767578125,0.607635498046875,0.12933349609375
114969.713689375,660.9941570776144,144.0615386962891,8.556381225585938,-645.0475463867188,114969.705513375,0.4637831508908246,-0.3312530517578125,0.3246002197265625,0.0009613037109375
114969.684111375,662.3353987305602,147.2046966552734,8.207138061523438,-645.7178955078125,114969.675930375,0.3667529691524052,-0.26611328125,0.1878509521484375,0.1685333251953125
114969.654553375,661.2616611573937,146.8554534912109,6.8101806640625,-644.71240234375,114969.646346375,0.5465963192156473,-0.3365936279296875,0.427703857421875,-0.0504150390625
114969.624984375,663.1735501326283,147.3793182373047,6.63555908203125,-646.5558471679688,114969.616763375,1.165157381953921,-0.1213531494140625,1.155197143554688,-0.0915679931640625
114969.595414375,662.4039298976094,146.6808319091797,9.778717041015625,-645.885498046875,114969.587184375,1.421684129923286,-0.225341796875,1.392654418945312,-0.17584228515625
114969.565849375,661.3468713950901,147.2046966552734,7.508651733398438,-644.71240234375,114969.557592375,1.665055233214041,-0.299072265625,1.562835693359375,-0.49041748046875
114969.536281375,664.1052789260627,147.9031677246094,6.4609375,-647.393798828125,114969.528025375,1.374343316398125,-0.48651123046875,0.8833465576171875,-0.9337158203125
114969.506708375,662.7651871094004,148.4270324707031,7.683273315429688,-645.885498046875,114969.498445375,1.317900392938784,-0.6183624267578125,1.163497924804688,0.0276031494140625
114969.477143375,658.7266679570328,146.3315887451172,9.429473876953125,-642.1985473632812,114969.468866375,2.046704095997419,-0.60821533203125,1.855667114257812,0.6128387451171875
114969.447577375,656.6715281060276,145.1092529296875,10.30258178710938,-640.3551025390625,114969.439284375,0.6843961524429796,0.0546417236328125,0.62872314453125,0.264801025390625
114969.418006375,657.1812366068308,146.6808319091797,10.12796020507812,-640.522705078125,114969.409701375,1.467331860079869,-0.0928497314453125,1.461837768554688,-0.0864410400390625
114969.388443375,658.9153676672433,150.1732330322266,7.683273315429688,-641.5281982421875,114969.380106375,1.1990746609968,0.0108489990234375,1.157318115234375,-0.3134918212890625
114969.358872375,663.9827617173291,157.3326568603516,5.762451171875,-645.0475463867188,114969.350537375,0.5639047561771323,0.116363525390625,0.4978179931640625,-0.2379608154296875
114969.329304375,666.2319009210091,162.0473937988281,2.095428466796875,-646.220703125,114969.320951375,0.9390106222247893,0.1619873046875,0.6041107177734375,-0.7003936767578125
114969.299785375,668.8554619391468,166.7621459960938,2.270050048828125,-647.72900390625,114969.291369375,0.9654646467866983,0.398895263671875,0.7746124267578125,-0.4159088134765625
114969.270223375,668.0528071216897,167.4606170654297,-0.52386474609375,-646.7234497070312,114969.261789375,0.8130209389276067,0.3036346435546875,0.6898956298828125,-0.304718017578125
114969.240654375,667.6673550403045,168.5083312988281,-0.17462158203125,-646.0531005859375,114969.232210375,0.651747461364805,-0.0247650146484375,0.6300506591796875,-0.1649169921875
114969.211086375,667.7281860566918,167.4606170654297,0.1746063232421875,-646.3883056640625,114969.202616375,0.7153055957557439,0.1440582275390625,0.6600799560546875,-0.234954833984375
114969.181522375,666.4004011930762,167.9844818115234,-0.698486328125,-644.8800048828125,114969.173049375,0.9120769357120166,0.29547119140625,0.7939453125,-0.337982177734375
114969.151954375,666.5489470217024,169.2068176269531,-1.57159423828125,-644.71240234375,114969.143468375,1.220645053626647,0.401519775390625,1.0791015625,-0.40533447265625
114969.122389375,666.3567010836178,172.8738403320312,-1.746200561523438,-643.539306640625,114969.113891375,1.294221826284098,0.2603759765625,1.2039794921875,-0.3970489501953125
114969.092813375,665.7143999314268,172.8738403320312,-3.143173217773438,-642.868896484375,114969.084315375,1.064857642824982,0.241607666015625,1.000473022460938,-0.27313232421875
114969.063295375,666.3369429404635,173.397705078125,-3.317794799804688,-643.3717041015625,114969.054737375,1.031614827538934,0.0855255126953125,1.013671875,-0.171417236328125
114969.033736375,665.8688253440137,174.0961761474609,-2.619308471679688,-642.7012939453125,114969.025164375,1.054908018216282,0.1309967041015625,0.943817138671875,-0.45263671875
114969.004139375,666.6403641904551,176.3662414550781,-4.889373779296875,-642.868896484375,114968.995570375,0.8239325490035844,0.48577880859375,0.662811279296875,-0.0597076416015625
114968.974573375,666.9289156616375,177.9378204345703,-8.2071533203125,-642.7012939453125,114968.965990375,0.9452553333531649,0.6095733642578125,0.6787567138671875,-0.2474212646484375
114968.945023375,666.6438704823789,181.4302215576172,-12.39802551269531,-641.360595703125,114968.936408375,0.7517819387784523,0.4660186767578125,0.4582672119140625,-0.3714752197265625
114968.915454375,666.4825067879187,181.7794647216797,-15.54118347167969,-641.0254516601562,114968.906827375,1.137295383962004,0.7168731689453125,0.8312530517578125,-0.297576904296875
114968.885885375,665.5495053513476,181.7794647216797,-16.93815612792969,-640.0198974609375,114968.877250375,1.373433018950757,0.967041015625,0.9752655029296875,-0.0026702880859375
114968.856320375,663.0405320257142,185.7957153320312,-19.90669250488281,-636.1654052734375,114968.847661375,1.170752175965857,0.7167205810546875,0.88232421875,-0.2801361083984375
114968.826743625,659.6839305503806,185.0972442626953,-21.65289306640625,-632.8135986328125,114968.818088625,1.245580550441379,0.631378173828125,0.831390380859375,-0.6794281005859375
114968.797172625,659.1073789418593,188.0657806396484,-22.52598571777344,-631.3052978515625,114968.788507625,1.974123701492029,1.444168090820312,1.3406982421875,-0.118621826171875
114968.767594625,660.6446184792529,189.1135101318359,-21.1290283203125,-632.64599609375,114968.758928625,1.587762374818978,1.1494140625,1.040573120117188,0.3421173095703125
114968.738032625,658.524724067649,187.01806640625,-23.57371520996094,-630.9701538085938,114968.729348625,0.7543430783030252,0.6172027587890625,0.3511962890625,-0.2544708251953125
114968.708460625,657.868531311418,188.5896453857422,-24.09756469726562,-629.7969970703125,114968.699767625,0.8337649410156029,0.7863006591796875,0.2333984375,-0.1497344970703125
114968.678876625,656.4550711028163,189.9866027832031,-26.89149475097656,-627.7859497070312,114968.670198625,0.7068348311750002,0.6858673095703125,0.13812255859375,0.100616455078125
114968.649318625,655.8299479900489,189.4627380371094,-27.06611633300781,-627.283203125,114968.640608625,0.3228007284790782,0.2393341064453125,-0.199920654296875,0.0833740234375
114968.619746625,653.4299892773128,188.2404022216797,-27.939208984375,-625.1045532226562,114968.611030625,0.3790047129897919,-0.2564849853515625,-0.259918212890625,0.10150146484375
114968.590175625,652.348394097139,189.9866027832031,-28.2884521484375,-623.4286499023438,114968.581448625,0.08381196694885515,0.030364990234375,0.01446533203125,-0.0767669677734375
114968.560604625,653.6057968204242,189.2881164550781,-24.79605102539062,-625.1045532226562,114968.551868625,0.6873866945946617,0.4539031982421875,0.1427001953125,-0.49609375
114968.531031625,654.9160316787658,189.1135101318359,-22.52598571777344,-626.6128540039062,114968.522286625,1.280153582907402,0.9977264404296875,0.71112060546875,-0.371002197265625
114968.501460625,656.1825706337954,187.01806640625,-20.77978515625,-628.6239013671875,114968.492713625,1.990004142574099,1.594070434570312,1.19049072265625,0.0422821044921875
114968.471907625,655.9042633679654,186.8434448242188,-18.50973510742188,-628.456298828125,114968.463125625,1.49025897542277,1.16436767578125,0.919921875,0.1373443603515625
114968.442342625,656.3580926558132,186.1449584960938,-18.85897827148438,-629.1266479492188,114968.433545625,1.471139712822935,1.240737915039062,0.7822418212890625,0.1136627197265625
114968.412775625,655.0510747316088,185.6211090087891,-17.63662719726562,-627.9535522460938,114968.403964625,1.190473977670101,0.9276580810546875,0.7461090087890625,-0.0003509521484375
114968.383201625,653.6921104684671,184.2241363525391,-17.63662719726562,-626.947998046875,114968.374382625,1.076004383731871,0.705352783203125,0.8075408935546875,-0.0902252197265625
114968.353630625,651.2990143868881,184.3987579345703,-16.41429138183594,-624.4342041015625,114968.344803625,0.9157050724452677,0.4195404052734375,0.7999420166015625,-0.1503143310546875
114968.324059625,652.3203137370244,184.7480010986328,-14.6680908203125,-625.439697265625,114968.315223625,0.7801762106719144,0.472900390625,0.5785980224609375,-0.2241973876953125
114968.294501625,651.7046336512541,183.1764221191406,-14.14422607421875,-625.2721557617188,114968.285645625,0.6388084919149998,0.353851318359375,0.53167724609375,0.0135955810546875
114968.264926625,648.9894418276302,182.3033142089844,-11.17568969726562,-622.75830078125,114968.256067625,0.86692605099364,0.59326171875,0.6146087646484375,0.1478424072265625
114968.235360625,650.6795952450786,182.1287078857422,-9.254867553710938,-624.601806640625,114968.226488625,0.9789042869264293,0.747955322265625,0.6272735595703125,0.0731048583984375
114968.205804625,650.3952001248661,180.5571136474609,-8.731002807617188,-624.7694091796875,114968.196907625,1.074034331920802,0.8495635986328125,0.6217498779296875,-0.212646484375
114968.176234625,651.2848659626525,178.6363067626953,-6.111709594726562,-626.2776489257812,114968.167328625,1.041913570532581,0.7227020263671875,0.63873291015625,-0.3940887451171875
114968.146661625,651.1363979439685,179.858642578125,-5.937088012695312,-625.77490234375,114968.137746625,1.185154588459443,0.7124176025390625,0.629486083984375,-0.707672119140625
114968.117088625,651.5624014724078,176.7154846191406,-5.587844848632812,-627.1156005859375,114968.108166625,1.285207104799986,0.6398162841796875,0.69293212890625,-0.8730621337890625
114968.087512625,652.5864242396045,175.1439056396484,-5.063995361328125,-628.6239013671875,114968.078585625,1.461505910478253,0.7753448486328125,0.8254241943359375,-0.923858642578125
114968.057244625,653.6970300522544,174.4454193115234,-5.762466430664062,-629.964599609375,114968.049000625,1.266946764770976,0.52392578125,0.95947265625,-0.6403656005859375
114968.027668625,655.3428264086664,173.9215545654297,-6.635574340820312,-631.80810546875,114968.019419625,1.238687649946415,0.5987091064453125,0.969085693359375,-0.4865875244140625
114967.998098625,655.4366818978419,171.8261260986328,-6.635574340820312,-632.4784545898438,114967.989837625,1.299656728259327,0.4566802978515625,1.137847900390625,-0.4311065673828125
114967.968520625,657.7473519089006,173.7469329833984,-8.905624389648438,-634.3218994140625,114967.960253625,1.320688376958557,0.6382904052734375,0.931732177734375,-0.684600830078125
114967.938954625,660.4326646540906,171.6515045166016,-8.905624389648438,-637.6737060546875,114967.930674625,1.225462546919267,0.5520782470703125,0.9188690185546875,-0.593841552734375
114967.909385625,662.004549004566,170.7783966064453,-10.12797546386719,-639.5171508789062,114967.901092625,1.226343401566419,0.57958984375,0.9317474365234375,-0.547576904296875
114967.879818625,663.4084141212518,171.6515045166016,-12.74726867675781,-640.6902465820312,114967.871509625,1.148122031831026,0.43841552734375,0.903594970703125,-0.5563201904296875
114967.850245625,665.071437353238,174.6200408935547,-16.41429138183594,-641.5281982421875,114967.841928625,0.9467375426265634,0.3207855224609375,0.7153778076171875,-0.53070068359375
114967.820675625,667.5757102902314,174.2707977294922,-16.76353454589844,-644.2095947265625,114967.812345625,0.9553003294015547,0.2840118408203125,0.579010009765625,-0.7047576904296875
114967.791097625,667.8539291541244,174.4454193115234,-19.38282775878906,-644.377197265625,114967.782765625,1.083945535810264,0.3248748779296875,0.48419189453125,-0.91375732421875
114967.761529625,668.1087073214094,174.6200408935547,-20.95440673828125,-644.5447998046875,114967.753187625,1.209746028997331,0.4243316650390625,0.4771575927734375,-1.027496337890625
114967.731962625,666.9032195784578,174.0961761474609,-22.87522888183594,-643.3717041015625,114967.723610625,1.330657627058516,0.54168701171875,0.4931793212890625,-1.110855102539062
114967.702399625,668.9361076322324,175.1439056396484,-26.71687316894531,-645.0475463867188,114967.694035625,1.391484725882738,0.6082763671875,0.4540252685546875,-1.166229248046875
114967.672836625,669.8433748960044,173.9215545654297,-28.9869384765625,-646.220703125,114967.664460625,1.265659630744646,0.572021484375,0.4443817138671875,-1.037887573242188
114967.643275625,668.8183076343372,173.7469329833984,-32.30471801757812,-645.0475463867188,114967.634887625,1.072365832662296,0.5173797607421875,0.345672607421875,-0.873382568359375
114967.613716625,668.4566656633747,173.5723266601562,-35.62249755859375,-644.5447998046875,114967.605312625,1.021979833842888,0.4698486328125,0.2366485595703125,-0.8761749267578125
114967.584154625,667.73553548446,175.3185272216797,-37.71794128417969,-643.2041015625,114967.575738625,1.024711248039601,0.498565673828125,0.1490478515625,-0.88275146484375
114967.554593625,666.9180934687071,175.8423767089844,-40.68647766113281,-642.031005859375,114967.546160625,1.069756814899946,0.614105224609375,0.1019287109375,-0.8699798583984375
114967.525041625,666.7868228852672,174.2707977294922,-42.6072998046875,-642.1985473632812,114967.516586625,1.044506344885278,0.6808929443359375,0.0132293701171875,-0.791961669921875
114967.495501625,665.0325802508949,176.0169982910156,-43.30577087402344,-639.852294921875,114967.487008625,0.9743526031862553,0.613433837890625,-0.0764007568359375,-0.753143310546875
114967.465934625,665.2518223368112,175.8423767089844,-44.87734985351562,-640.0198974609375,114967.457434625,1.012130748001552,0.582550048828125,-0.1696319580078125,-0.8101043701171875
114967.436367625,662.4808244715945,175.3185272216797,-46.44892883300781,-637.1708984375,114967.427856625,0.798113324900554,0.49151611328125,-0.1459503173828125,-0.61163330078125
114967.406796625,660.8347778437274,174.6200408935547,-48.54437255859375,-635.4949951171875,114967.398278625,0.8253643982801043,0.4810943603515625,-0.1408233642578125,-0.65570068359375
114967.377233625,660.1373337267228,176.1916198730469,-48.718994140625,-634.3218994140625,114967.368701625,0.9175588947059682,0.478179931640625,-0.228271484375,-0.7490997314453125
114967.347664625,660.527023984507,176.5408630371094,-48.3697509765625,-634.6571044921875,114967.339123625,0.9297162944828447,0.1770782470703125,-0.3865509033203125,-0.8267974853515625
114967.318102625,659.1301259854233,177.2393341064453,-48.718994140625,-632.981201171875,114967.309547625,1.11226943427395,0.4135284423828125,-0.4637908935546875,-0.922515869140625
114967.288546625,661.3894601521058,174.4454193115234,-50.11595153808594,-635.997802734375,114967.279984625,0.8959013452247785,0.3426971435546875,-0.3152618408203125,-0.765380859375
114967.258992625,664.4543384764289,171.8261260986328,-50.63981628417969,-639.852294921875,114967.250394625,0.9007017894508816,0.129669189453125,-0.1897125244140625,-0.8708953857421875
114967.229422625,666.1657648591446,169.2068176269531,-50.11595153808594,-642.3661499023438,114967.220818625,0.8360962428737231,0.079193115234375,-0.2336883544921875,-0.798858642578125
114967.199860625,665.4581102663665,167.6352386474609,-52.38601684570312,-641.8634033203125,114967.191239625,0.9480810245751496,-0.00408935546875,-0.34857177734375,-0.8816680908203125
114967.170292625,666.1710881275754,166.9367523193359,-51.33830261230469,-642.868896484375,114967.161661625,1.004022193820431,0.07098388671875,-0.4755706787109375,-0.8813934326171875
114967.140730625,666.7040267934279,166.4129028320312,-53.60835266113281,-643.3717041015625,114967.132081625,0.9634412012101046,0.0320587158203125,-0.4828948974609375,-0.83306884765625
114967.111163625,666.0780695472266,164.6667022705078,-51.16368103027344,-643.3717041015625,114967.102499625,0.9905255182889334,0.0341339111328125,-0.4979095458984375,-0.8556060791015625
114967.081599625,666.6799163140934,165.1905517578125,-50.98905944824219,-643.8744506835938,114967.072922625,1.033935461866247,0.0467071533203125,-0.517547607421875,-0.89385986328125
114967.051087625,666.9981182900098,164.8413238525391,-52.03677368164062,-644.2095947265625,114967.043341625,0.995255471547474,0.01513671875,-0.500335693359375,-0.8602142333984375
114967.021525625,668.0467008367813,166.23828125,-52.73526000976562,-644.8800048828125,114967.013762625,0.9631442457537535,-0.02008056640625,-0.49322509765625,-0.8270263671875
114966.991962625,667.3306778663407,165.3651733398438,-52.56063842773438,-644.377197265625,114966.984183625,0.9977602429276009,-0.0106658935546875,-0.5278472900390625,-0.8466339111328125
114966.962407625,666.9900906926218,164.3174591064453,-51.51292419433594,-644.377197265625,114966.954605625,0.9547965473520907,-0.0626373291015625,-0.504852294921875,-0.8079833984375
114966.932841625,667.6793887269171,165.0159454345703,-53.95759582519531,-644.71240234375,114966.925018625,0.9759828633049105,-0.0489349365234375,-0.5080108642578125,-0.8319091796875
114966.903273625,667.7643788908969,165.539794921875,-51.33830261230469,-644.8800048828125,114966.895443625,0.9774746424639903,-0.0159149169921875,-0.4980926513671875,-0.8408966064453125
114966.873709625,666.6744303689406,164.8413238525391,-52.03677368164062,-643.8744506835938,114966.865863625,0.9805930147226009,-0.0006103515625,-0.507904052734375,-0.83880615234375
114966.844149625,666.8342446724147,164.6667022705078,-52.56063842773438,-644.0420532226562,114966.836281625,1.025263070960356,0.0004425048828125,-0.54791259765625,-0.8665771484375
114966.814583625,666.8994189168191,165.1905517578125,-53.78297424316406,-643.8744506835938,114966.806701625,0.992975222072586,0.0155181884765625,-0.5121917724609375,-0.8505401611328125
114966.785019625,666.7017811986972,164.8413238525391,-52.38601684570312,-643.8744506835938,114966.777121625,1.00160297948121,0.0285186767578125,-0.4862060546875,-0.875213623046875